   0.0000000000000000                            NaN
  0.10000000000000001                            NaN
  0.20000000000000001                            NaN
  0.30000000000000004                            NaN
  0.40000000000000002                            NaN
  0.50000000000000000                            NaN
  0.60000000000000009                            NaN
  0.70000000000000007                            NaN
  0.80000000000000004                            NaN
  0.90000000000000002                            NaN
